k = [2,2,2,2,2,4,4,4,4,4,6,6,6,6,6,8,8,8,8,8]

l = [10,8,6,4,2,10,8,6,4,2,10,8,6,4,2,10,8,6,4,2,10,8,6,4,2]

rl = [2.256, 3.052, 3.742, 4.042, 8.778, 2.034, 3.247, 4.8, 4.993, 9.434, 1.236, 1.292, 4.154, 6.611, 9.357, 0.439, 1.394, 2.862, 6.934, 11.776, 0.078, 0.648, 2.102, 3.391, 0.0]



Best loss:  7.042990458130183  best hyperparameter:  [2, 296]  best piecewise-linear-subspace:  [array([[ 0.00657047, -0.03519902, -0.0419556 , ..., -0.05734364,
        -0.14223313,  0.00687479],
       [ 0.03724091,  0.00860796, -0.00430119, ...,  0.00292291,
        -0.02258746, -0.05553163],
       [ 0.01524225, -0.03167202, -0.03152997, ...,  0.06482784,
         0.02792379,  0.0363073 ],
       [-0.08776233,  0.03718126,  0.03574138, ..., -0.06409876,
         0.05828692, -0.03525294]]), array([[ 0.00648282, -0.11948896, -0.06668303, ..., -0.04726773,
        -0.10698097,  0.04158452],
       [ 0.01292107,  0.04051913,  0.04114365, ...,  0.06039386,
         0.01585986,  0.00646842],
       [-0.00507814,  0.08133263,  0.04504132, ..., -0.02145619,
         0.00698162, -0.03813478],
       [-0.03428769,  0.09796772,  0.02688766, ..., -0.02228901,
         0.07257627, -0.04980486]])]